# Created by Octave 3.8.0, Mon Nov 24 13:57:32 2014 EST <jijo.thomas@USNYTHOMJIALX9.local>
# name: reditX
# type: matrix
# rows: 4
# columns: 2
 0 0
 0 1
 1 0
 1 1


# name: reditY
# type: matrix
# rows: 4
# columns: 1
 0
 0
 0
 1


